# -----------------------------------------------------------------------------------------------------
# Map Info
# -----------------------------------------------------------------------------------------------------
name:Abadone base;
size:-116.2822, 2310.4036, -50.0000, 497.4070, 2722.4204, 500.0000;
time:4,20;
weather:5;
interior:0;
world:0;
gravity:0.008;
roundscore:1500;
version:v3, 2 nov 2015;
author:Logofero;
# -----------------------------------------------------------------------------------------------------
# Teams
# -----------------------------------------------------------------------------------------------------
# NAME, TRACECOLOR, COLOR, SKIN1,SKIN2,ETC;
addteam:America,0,0xFF0000FF,115;
addteam:Netherlands,0,0xFF0000FF,124;
addteam:Spain,0,0xFF0000FF,109;
addteam:France,0,0xFF0000FF,107;
addteam:Germany,0,0xFF0000FF,100;
addteam:Russia,0,0xFF0000FF,120;
addteam:Portugal,0,0xFF0000FF,119;
addteam:Romania,0,0xFF0000FF,140;
addteam:Anarhia,0,0xFF0000FF,0;
# -----------------------------------------------------------------------------------------------------
# Remove builders
# -----------------------------------------------------------------------------------------------------
# MODEL, Float:X, Float:Y, Float:Z, Float:RADIUS
rembuilding: 16773, 397.4766, 2476.6328, 19.5156, 0.25;
rembuilding: 16775, 412.1172, 2476.6328, 19.5156, 0.25;
# -----------------------------------------------------------------------------------------------------
# Create objects
# -----------------------------------------------------------------------------------------------------
# MODEL, Float:X, Float:Y, Float:Z, Float:RX, Float:RY, Float:RZ, Float:DIST, WORLDID
addobj:16108, -25.21090, 2338.78125, 27.50780,   0.00000, 0.00000, 0.00000, 500.0, 0;
addobj:3269, 108.07170, 2411.34619, 15.47660,   0.00000, 0.00000, 0.00000, 500.0, 0;
addobj:3369, 107.99238, 2411.36670, 15.47660,   0.00000, 0.00000, 0.00000, 500.0, 0;
addobj:3271, 134.68739, 2438.41211, 15.47660,   0.00000, 0.00000, 0.00000, 500.0, 0;
addobj:3367, 134.90894, 2438.23145, 15.47660,   0.00000, 0.00000, 0.00000, 500.0, 0;
addobj:3270, 161.80640, 2411.48120, 15.47660,   0.00000, 0.00000, 0.00000, 500.0, 0;
addobj:3368, 161.86403, 2410.75122, 15.47660,   0.00000, 0.00000, 0.00000, 500.0, 0;
addobj:3269, 188.65630, 2438.25000, 15.47660,   0.00000, 0.00000, 0.00000, 500.0, 0;
addobj:3369, 188.70213, 2438.20728, 15.47660,   0.00000, 0.00000, 0.00000, 500.0, 0;
addobj:3271, 215.53130, 2411.38281, 15.47660,   0.00000, 0.00000, 0.00000, 500.0, 0;
addobj:3367, 215.54286, 2411.36646, 15.47660,   0.00000, 0.00000, 0.00000, 500.0, 0;
addobj:3269, 242.39841, 2438.25000, 15.47660,   0.00000, 0.00000, 0.00000, 500.0, 0;
addobj:3369, 242.50992, 2438.14014, 15.47656,   0.00000, 0.00000, 0.00000, 500.0, 0;
addobj:3269, 269.26559, 2411.38281, 15.47660,   0.00000, 0.00000, 0.00000, 500.0, 0;
addobj:3369, 269.28793, 2411.33081, 15.47656,   0.00000, 0.00000, 0.00000, 500.0, 0;
addobj:3271, 296.14059, 2438.25000, 15.47660,   0.00000, 0.00000, 0.00000, 500.0, 0;
addobj:3367, 296.14059, 2438.25000, 15.47660,   0.00000, 0.00000, 0.00000, 500.0, 0;
addobj:3270, 323.00781, 2411.38281, 15.47660,   0.00000, 0.00000, 0.00000, 500.0, 0;
addobj:3368, 323.00781, 2411.38281, 15.47660,   0.00000, 0.00000, 0.00000, 500.0, 0;
addobj:3269, 349.87500, 2438.25000, 15.47660,   0.00000, 0.00000, 0.00000, 500.0, 0;
addobj:3369, 349.87500, 2438.25000, 15.47660,   0.00000, 0.00000, 0.00000, 500.0, 0;
addobj:16101, 321.67191, 2463.49219, 15.47660,   0.00000, 0.00000, 0.00000, 500.0, 0;
addobj:16368, 321.67191, 2463.49219, 25.66410,   0.00000, 0.00000, 0.00000, 500.0, 0;
addobj:16771, 404.79691, 2454.71875, 22.05470,   0.00000, 0.00000, 0.00000, 500.0, 0;
addobj:16601, 435.62906, 2532.10547, 20.19970,   -3.00000, 1.00000, 0.00000, 500.0, 0;
addobj:16326, 419.37500, 2538.50000, 15.53910,   0.00000, 0.00000, 90.00000, 500.0, 0;
addobj:1498, 422.82809, 2535.73438, 15.14060,   0.00000, 0.00000, 90.00000, 500.0, 0;
addobj:16327, 412.91324, 2543.01660, 15.53910,   0.00000, 0.00000, 0.00000, 500.0, 0;
addobj:3172, 400.11719, 2543.57031, 15.48440,   0.00000, 0.00000, 149.00000, 500.0, 0;
addobj:16370, 385.37149, 2598.61914, 17.01560,   0.00000, 0.00000, 192.91499, 500.0, 0;
addobj:3286, 392.71890, 2596.48242, 17.81280,   0.00000, 0.00000, 12.99400, 500.0, 0;
addobj:3286, 390.98376, 2604.09253, 20.02340,   0.00000, 0.00000, 12.00000, 500.0, 0;
addobj:3287, 255.98441, 2549.32813, 20.20310,   0.00000, 0.00000, 0.00000, 500.0, 0;
addobj:16599, 231.28166, 2545.82910, 20.02340,   0.00000, 2.00000, 12.00000, 500.0, 0;
addobj:3270, 338.00781, 2587.74219, 15.47660,   0.00000, 0.00000, 0.00000, 500.0, 0;
addobj:3368, 338.00781, 2587.74219, 15.47660,   0.00000, 0.00000, 0.00000, 500.0, 0;
addobj:3270, 311.13281, 2614.61719, 15.47660,   0.00000, 0.00000, 0.00000, 500.0, 0;
addobj:3368, 311.13281, 2614.61719, 15.47660,   0.00000, 0.00000, 0.00000, 500.0, 0;
addobj:3271, 284.26559, 2641.48438, 15.47660,   0.00000, 0.00000, 0.00000, 500.0, 0;
addobj:3367, 284.26563, 2641.48438, 15.47656,   0.00000, 0.00000, 0.00000, 500.0, 0;
addobj:3271, 284.26559, 2587.74219, 15.47660,   0.00000, 0.00000, 0.00000, 500.0, 0;
addobj:3367, 284.26563, 2587.74219, 15.47656,   0.00000, 0.00000, 0.00000, 500.0, 0;
addobj:3271, 257.39841, 2614.61719, 15.47660,   0.00000, 0.00000, 0.00000, 500.0, 0;
addobj:3367, 257.39844, 2614.61719, 15.47656,   0.00000, 0.00000, 0.00000, 500.0, 0;
addobj:3269, 230.52341, 2641.48438, 15.47660,   0.00000, 0.00000, 0.00000, 500.0, 0;
addobj:3369, 230.52344, 2641.48438, 15.47656,   0.00000, 0.00000, 0.00000, 500.0, 0;
addobj:3271, 230.52341, 2587.74219, 15.47660,   0.00000, 0.00000, 0.00000, 500.0, 0;
addobj:3367, 230.52344, 2587.74219, 15.47656,   0.00000, 0.00000, 0.00000, 500.0, 0;
addobj:3269, 203.65630, 2614.61719, 15.47660,   0.00000, 0.00000, 0.00000, 500.0, 0;
addobj:3369, 203.65625, 2614.61719, 15.47656,   0.00000, 0.00000, 0.00000, 500.0, 0;
addobj:3271, 176.78909, 2641.48438, 15.47660,   0.00000, 0.00000, 0.00000, 500.0, 0;
addobj:3367, 176.78906, 2641.48438, 15.47656,   0.00000, 0.00000, 0.00000, 500.0, 0;
addobj:3270, 176.78909, 2587.74219, 15.47660,   0.00000, 0.00000, 0.00000, 500.0, 0;
addobj:3368, 176.78906, 2587.74219, 15.47656,   0.00000, 0.00000, 0.00000, 500.0, 0;
addobj:3271, 149.91409, 2614.61719, 15.47660,   0.00000, 0.00000, 0.00000, 500.0, 0;
addobj:3367, 149.91406, 2614.61719, 15.47656,   0.00000, 0.00000, 0.00000, 500.0, 0;
addobj:3269, 123.04690, 2587.74219, 15.47660,   0.00000, 0.00000, 0.00000, 500.0, 0;
addobj:3369, 123.04688, 2587.74219, 15.47656,   0.00000, 0.00000, 0.00000, 500.0, 0;
addobj:16378, 414.40631, 2536.54688, 18.89840,   0.00000, 0.00000, 180.00000, 500.0, 0;
addobj:16377, 416.17911, 2533.81030, 19.13280,   0.00000, 0.00000, 107.00000, 500.0, 0;
addobj:3364, 77.32030, 2456.25000, 15.28130,   0.00000, 0.00000, 41.00000, 500.0, 0;
# -----------------------------------------------------------------------------------------------------
# Create vehicles
# -----------------------------------------------------------------------------------------------------
# MODEL, Float:X, Float:Y, Float:Z, Float:AMGLE, COLOE1, COLOR2, INTERIORID, WORLDID, RESPAWN_TIME
addcar:564,186.8744,2457.9622,15.6485,353.6849, -1, -1, 0, 0, 60;
addcar:564,297.2267,2552.5649,15.9896,148.8161, -1, -1, 0, 0, 60;
addcar:564,130.5372,2570.4592,15.5857,206.7869, -1, -1, 0, 0, 60;
addcar:564,337.9150,2458.8169,15.6506,17.4222, -1, -1, 0, 0, 60;
addcar:564,407.9163,2542.4590,15.6870,150.9815, -1, -1, 0, 0, 60;
addcar:564,122.3155,2456.9219,15.6538,313.9525, -1, -1, 0, 0, 60;
addcar:564,282.4990,2551.4607,15.9881,200.8863, -1, -1, 0, 0, 60;
addcar:564,252.0264,2448.9578,15.6537,3.3902, -1, -1, 0, 0, 60;
addcar:564,236.0696,2547.8904,15.9062,185.8480, -1, -1, 0, 0, 60;
addcar:441,339.0960,2538.3423,15.9624,184.9098, -1, -1, 0, 0, 60;
addcar:564,430.4706,2479.0410,15.6537,46.2860, -1, -1, 0, 0, 60;
addcar:564,435.4735,2535.3398,15.5344,104.4680, -1, -1, 0, 0, 60;
addcar:564,317.4437,2540.0908,15.9809,204.5701, -1, -1, 0, 0, 60;
addcar:564,332.5363,2538.4146,15.9735,167.4324, -1, -1, 0, 0, 60;
addcar:564,383.8864,2588.0435,15.6070,188.3061, -1, -1, 0, 0, 60;
addcar:441,428.1509,2548.7959,15.3754,87.6297, -1, -1, 0, 0, 60;
addcar:564,427.9746,2544.1382,15.4331,92.9834, -1, -1, 0, 0, 60;
addcar:465,368.1618,2537.2239,15.8201,177.2921, -1, -1, 0, 0, 60;
addcar:501,363.0760,2537.0415,15.8453,178.4647, -1, -1, 0, 0, 60;
addcar:464,403.5965,2441.6038,15.9549,359.5815, -1, -1, 0, 0, 60;
# -----------------------------------------------------------------------------------------------------
# Create pickups
# -----------------------------------------------------------------------------------------------------
# TYPE, MODEL, Float:AMOUNT, Float:X, Float:Y, Float:Z, Float:SPAWN_RANGE, RESPAWN_TIME, WORLDID, INTERIORID
addpickup:1,1218,2.0,304.7697, 2506.6682,16.1844,0.0,20000,0,0;
addpickup:0,3096,150.0,266.0848,2587.7427,16.1766,0.0,20000,0,0;
addpickup:2,2358,10.0,408.0122,2528.1943,16.2790,0.0,15000,0,0;
addpickup:1,1218,3.0,385.5745,2499.9893,16.1844,0.0,30000,0,0;
addpickup:0,3096,250.0,383.4079,2604.6257,16.1844,0.0,40000,0,0;
addpickup:3,2918,12.0,175.5026,2495.2485,16.4897,180.0,180000,0,0;
addpickup:2,2358,10.0,269.3474,2403.4399,17.2801,0.0,15000,0,0;
addpickup:1,1225,10.0,110.4415,2425.1160,20.5162,0.0,90000,0,0;
addpickup:1,1218,3.0,167.8669,2510.4993,15.9119,0.0,30000,0,0;
addpickup:0,3096,500.0,-18.2778,2326.5002,23.5100,0.0,80000,0,0;
addpickup:2,3013,20.0,232.4911,2634.5984,16.9860,0.0,30000,0,0;
addpickup:5,1313,10000.0,333.2957,2490.7693,16.4844,100.0,180000,0,0;
addpickup:4,1222,6.0,175.5026,2495.2485,16.1897,200.0,180000,0,0;
addpickup:1,1218,3.5,350.9307,2454.0090,20.5541,0.0,90000,0,0;
addpickup:6,3082,0.001,175.5026,2495.2485,16.4897,168.0,180000,0,0;
addpickup:7,364,20.0,175.5026,2495.2485,16.4897,168.0,180000,0,0;
# -----------------------------------------------------------------------------------------------------
# Spawn players
# -----------------------------------------------------------------------------------------------------
# TEAMID, Float:X, Float:Y, Float:Z, Float:ANGLE, INTERIORID, WORLDID
addspawn:0,186.9744,2458.9622,16.1485,353.6849, 0,0;
addspawn:1,297.3267,2553.5649,16.4896,148.8161, 0,0;
addspawn:2,130.6372,2571.4592,16.0857,206.7869, 0,0;
addspawn:3,338.0150,2459.8169,16.1506,17.4222, 0,0;
addspawn:4,408.0163,2543.4590,16.1870,150.9815, 0,0;
addspawn:5,122.4155,2457.9219,16.1538,313.9525, 0,0;
addspawn:6,282.5990,2552.4607,16.4881,200.8863, 0,0;
addspawn:7,252.1264,2449.9578,16.1537,3.3902, 0,0;
addspawn:8,236.1696,2548.8904,16.4062,185.8480, 0,0;