# -----------------------------------------------------------------------------------------------------
# Map Info
# -----------------------------------------------------------------------------------------------------
name:Desert bases;
size:-116.2822, 2310.4036, -50.0000, 497.4070, 2722.4204, 500.0000;
time:12,00;
weather:5;
interior:0;
world:0;
gravity:0.008;
roundscore:1000;
version:v1, 30 sep 2015;
author:Logofero;
# -----------------------------------------------------------------------------------------------------
# Teams
# -----------------------------------------------------------------------------------------------------
# NAME, TRACECOLOR, COLOR, SKIN1,SKIN2,ETC;
addteam:USA,2,0x307DFEFF,115;
addteam:Germany,4,0xFF8000FF,100;
addteam:France,1,0x00FF00FF,107;
addteam:Russia,0,0xFF0000FF,120;
# -----------------------------------------------------------------------------------------------------
# Remove builders
# -----------------------------------------------------------------------------------------------------
# MODEL, Float:X, Float:Y, Float:Z, Float:RADIUS
rembuilding:3345, 400.1172, 2543.5703, 15.4844, 0.25;
rembuilding:3367, 149.9141, 2614.6172, 15.4766, 0.25;
rembuilding:3368, 161.7891, 2411.3828, 15.4766, 0.25;
rembuilding:3369, 123.0469, 2587.7422, 15.4766, 0.25;
rembuilding:3368, 311.1328, 2614.6172, 15.4766, 0.25;
rembuilding:3368, 176.7891, 2587.7422, 15.4766, 0.25;
rembuilding:3368, 338.0078, 2587.7422, 15.4766, 0.25;
rembuilding:3368, 323.0078, 2411.3828, 15.4766, 0.25;
rembuilding:3369, 203.6563, 2614.6172, 15.4766, 0.25;
rembuilding:3369, 230.5234, 2641.4844, 15.4766, 0.25;
rembuilding:3369, 349.8750, 2438.2500, 15.4766, 0.25;
rembuilding:3369, 269.2656, 2411.3828, 15.4766, 0.25;
rembuilding:3369, 242.3984, 2438.2500, 15.4766, 0.25;
rembuilding:3369, 188.6563, 2438.2500, 15.4766, 0.25;
rembuilding:3369, 108.0469, 2411.3828, 15.4766, 0.25;
rembuilding:3367, 176.7891, 2641.4844, 15.4766, 0.25;
rembuilding:3367, 230.5234, 2587.7422, 15.4766, 0.25;
rembuilding:3367, 257.3984, 2614.6172, 15.4766, 0.25;
rembuilding:3367, 284.2656, 2641.4844, 15.4766, 0.25;
rembuilding:3367, 284.2656, 2587.7422, 15.4766, 0.25;
rembuilding:3367, 296.1406, 2438.2500, 15.4766, 0.25;
rembuilding:3367, 215.5313, 2411.3828, 15.4766, 0.25;
rembuilding:3367, 134.9141, 2438.2500, 15.4766, 0.25;
rembuilding:16594, -25.2109, 2338.7813, 27.5078, 0.25;
rembuilding:16595, 419.3750, 2538.5000, 15.5391, 0.25;
rembuilding:16596, 412.8281, 2542.8672, 15.5391, 0.25;
rembuilding:16598, 231.2813, 2545.7969, 20.0234, 0.25;
rembuilding:3295, 392.7109, 2596.4531, 17.6328, 0.25;
rembuilding:3295, 390.8203, 2604.0703, 20.0234, 0.25;
rembuilding:16602, 307.9531, 2543.4531, 20.3984, 0.25;
rembuilding:16772, 404.7969, 2454.7188, 22.0547, 0.25;
rembuilding:3269, 108.0469, 2411.3828, 15.4766, 0.25;
rembuilding:3270, 161.7891, 2411.3828, 15.4766, 0.25;
rembuilding:3364, 77.3203, 2456.2500, 15.2813, 0.25;
rembuilding:3269, 188.6563, 2438.2500, 15.4766, 0.25;
rembuilding:3271, 134.9141, 2438.2500, 15.4766, 0.25;
rembuilding:3271, 215.5313, 2411.3828, 15.4766, 0.25;
rembuilding:3269, 242.3984, 2438.2500, 15.4766, 0.25;
rembuilding:16599, 231.2813, 2545.7969, 20.0234, 0.25;
rembuilding:3269, 269.2656, 2411.3828, 15.4766, 0.25;
rembuilding:1308, 278.1484, 2555.1875, 15.7969, 0.25;
rembuilding:16098, 307.9531, 2543.4531, 20.3984, 0.25;
rembuilding:3271, 296.1406, 2438.2500, 15.4766, 0.25;
rembuilding:1308, 78.1797, 2571.0703, 15.6875, 0.25;
rembuilding:1308, 158.3125, 2571.6563, 15.4688, 0.25;
rembuilding:1308, 200.3594, 2571.9219, 15.5781, 0.25;
rembuilding:16373, 160.2031, 2571.9688, 27.3047, 0.25;
rembuilding:1308, 117.4531, 2572.7813, 15.5469, 0.25;
rembuilding:1308, 244.5938, 2573.1328, 15.3984, 0.25;
rembuilding:3269, 123.0469, 2587.7422, 15.4766, 0.25;
rembuilding:3270, 176.7891, 2587.7422, 15.4766, 0.25;
rembuilding:3271, 230.5234, 2587.7422, 15.4766, 0.25;
rembuilding:3271, 284.2656, 2587.7422, 15.4766, 0.25;
rembuilding:3271, 149.9141, 2614.6172, 15.4766, 0.25;
rembuilding:3271, 176.7891, 2641.4844, 15.4766, 0.25;
rembuilding:3269, 230.5234, 2641.4844, 15.4766, 0.25;
rembuilding:3269, 203.6563, 2614.6172, 15.4766, 0.25;
rembuilding:3271, 257.3984, 2614.6172, 15.4766, 0.25;
rembuilding:3271, 284.2656, 2641.4844, 15.4766, 0.25;
rembuilding:3270, 323.0078, 2411.3828, 15.4766, 0.25;
rembuilding:16101, 321.6719, 2463.4922, 15.4766, 0.25;
rembuilding:16368, 321.6719, 2463.4922, 25.6641, 0.25;
rembuilding:3269, 349.8750, 2438.2500, 15.4766, 0.25;
rembuilding:1224, 316.3672, 2531.6094, 16.1563, 0.25;
rembuilding:1224, 316.2656, 2533.0781, 16.1563, 0.25;
rembuilding:1308, 316.3984, 2570.3672, 15.3047, 0.25;
rembuilding:1224, 315.5625, 2551.6250, 16.1563, 0.25;
rembuilding:1224, 315.6641, 2550.0625, 16.1563, 0.25;
rembuilding:1308, 361.3750, 2571.8125, 15.4063, 0.25;
rembuilding:3270, 338.0078, 2587.7422, 15.4766, 0.25;
rembuilding:3270, 311.1328, 2614.6172, 15.4766, 0.25;
rembuilding:16771, 404.7969, 2454.7188, 22.0547, 0.25;
rembuilding:16773, 397.4766, 2476.6328, 19.5156, 0.25;
rembuilding:16775, 412.1172, 2476.6328, 19.5156, 0.25;
rembuilding:16375, 387.6016, 2525.5469, 15.6641, 0.25;
rembuilding:1224, 409.8047, 2529.6328, 16.1563, 0.25;
rembuilding:3172, 400.1172, 2543.5703, 15.4844, 0.25;
rembuilding:1224, 407.8828, 2532.0078, 16.1563, 0.25;
rembuilding:1308, 405.3594, 2563.0859, 15.6250, 0.25;
rembuilding:16370, 385.3438, 2598.6250, 17.0156, 0.25;
rembuilding:3286, 390.8203, 2604.0703, 20.0234, 0.25;
rembuilding:3286, 392.7109, 2596.4531, 17.6328, 0.25;
rembuilding:16326, 419.3750, 2538.5000, 15.5391, 0.25;
rembuilding:16377, 416.1875, 2533.8281, 19.1328, 0.25;
rembuilding:16378, 414.4063, 2536.5469, 18.8984, 0.25;
rembuilding:16327, 412.8281, 2542.8672, 15.5391, 0.25;
rembuilding:16374, 425.4688, 2531.0000, 22.5547, 0.25;
rembuilding:1498, 422.8281, 2535.7344, 15.1406, 0.25;
rembuilding:16108, -25.2109, 2338.7813, 27.5078, 0.25;
rembuilding:1308, -170.0938, 2524.6719, 24.3672, 0.25;
rembuilding:1308, -146.0000, 2548.3984, 24.3594, 0.25;
rembuilding:1308, -152.5625, 2496.1875, 22.2031, 0.25;
rembuilding:16371, -126.9375, 2535.1797, 33.1328, 0.25;
rembuilding:1308, -124.0781, 2575.4844, 18.9531, 0.25;
rembuilding:1308, -83.3984, 2574.6953, 17.4453, 0.25;
rembuilding:1308, -43.3828, 2571.4375, 17.3203, 0.25;
rembuilding:1308, -1.4844, 2571.7109, 16.5000, 0.25;
rembuilding:16372, -2.4609, 2571.5781, 28.2891, 0.25;
rembuilding:1308, 37.7734, 2570.5625, 15.3047, 0.25;
# -----------------------------------------------------------------------------------------------------
# Create objects
# -----------------------------------------------------------------------------------------------------
# MODEL, Float:X, Float:Y, Float:Z, Float:RX, Float:RY, Float:RZ, Float:DIST, WORLDID
addobj:3939, 292.50134, 2549.59863, 17.40750,   0.00000, 0.00000, -90.00000, 500.0, 0;
addobj:3939, 284.78369, 2549.63672, 17.40750,   0.00000, 0.00000, -90.00000, 500.0, 0;
addobj:3939, 325.28415, 2550.30371, 17.40750,   0.00000, 0.00000, -90.00000, 500.0, 0;
addobj:3939, 318.82053, 2550.31079, 17.40750,   0.00000, 0.00000, -90.00000, 500.0, 0;
addobj:3939, 332.91440, 2550.39282, 17.40750,   0.00000, 0.00000, -90.00000, 500.0, 0;
addobj:3940, 414.92120, 2536.11377, 18.59390,   0.00000, 0.00000, 90.00000, 500.0, 0;
addobj:16205, 431.39291, 2433.90527, 12.66770,   -11.00000, -4.00000, 103.94000, 500.0, 0;
addobj:16205, 153.79051, 2422.11841, 7.21760,   -4.00000, -4.00000, 98.00000, 500.0, 0;
addobj:16205, 224.08020, 2456.53076, 4.83700,   -4.00000, -4.00000, 207.00000, 500.0, 0;
addobj:16205, 208.21109, 2620.41333, 4.83700,   -4.00000, -4.00000, 280.00000, 500.0, 0;
addobj:3940, 14.81453, 2538.73999, 18.72902,   0.00000, 0.00000, -90.00000, 500.0, 0;
addobj:3938, -9.24382, 2535.82764, 16.34439,   0.00000, 0.00000, -90.00000, 500.0, 0;
addobj:3939, -29.01139, 2525.44360, 17.09058,   0.00000, 0.00000, -90.00000, 500.0, 0;
addobj:3939, -22.13727, 2525.30713, 17.09058,   0.00000, 0.00000, -90.00000, 500.0, 0;
addobj:3939, -0.91458, 2525.33936, 17.09058,   0.00000, 0.00000, -90.00000, 500.0, 0;
addobj:3940, -12.30246, 2321.26489, 26.17216,   0.00000, 0.00000, 91.72578, 500.0, 0;
addobj:3939, -35.01250, 2344.95239, 24.32385,   0.00000, 0.00000, 0.00000, 500.0, 0;
addobj:3939, -34.78674, 2352.69409, 24.32385,   0.00000, 0.00000, 0.00000, 500.0, 0;
addobj:3939, -28.72037, 2321.14233, 24.52078,   0.00000, 0.00000, 90.00000, 500.0, 0;
addobj:1596, -0.84365, 2321.39917, 29.19138,   0.00000, 0.00000, 125.00000, 500.0, 0;
addobj:16375, 32.15360, 2312.67822, 22.04990,   -3.00000, 1.90000, 0.00000, 500.0, 0;
addobj:16375, 1.19552, 2531.13452, 15.56336,   0.00000, 0.00000, 180.00000, 500.0, 0;
addobj:16375, -10.95836, 2531.40820, 15.56336,   0.00000, 0.00000, 180.00000, 500.0, 0;
addobj:1596, 407.27777, 2535.44556, 21.62130,   0.00000, 0.00000, 302.00000, 500.0, 0;
addobj:1596, 24.47883, 2538.57593, 21.72480,   0.00000, 0.00000, 69.00000, 500.0, 0;
addobj:3938, 294.33414, 2357.91602, 15.88170,   0.50000, 2.50000, 90.00000, 500.0, 0;
addobj:3940, 270.94760, 2354.61328, 18.52670,   0.00000, 0.00000, 90.00000, 500.0, 0;
addobj:3939, 286.66998, 2368.43359, 17.09775,   0.00000, 0.00000, 90.00000, 500.0, 0;
addobj:3939, 279.29807, 2368.24316, 17.09775,   0.00000, 0.00000, 90.00000, 500.0, 0;
addobj:3939, 271.95065, 2367.90308, 17.09775,   0.00000, 0.00000, 90.00000, 500.0, 0;
addobj:16101, 267.19006, 2374.15454, 14.95703,   0.00000, 0.00000, 0.00000, 500.0, 0;
addobj:16368, 267.17734, 2374.20117, 25.85096,   0.00000, 0.00000, 0.00000, 500.0, 0;
addobj:16101, 4.00843, 2520.39990, 14.84664,   0.00000, 0.00000, 359.69595, 500.0, 0;
addobj:16368, 4.00706, 2520.47144, 25.72451,   0.00000, 0.00000, 0.00000, 500.0, 0;
addobj:16101, -15.50253, 2329.75806, 22.92661,   0.00000, 0.00000, 0.00000, 500.0, 0;
addobj:16101, 425.28241, 2555.58203, 15.05437,   0.00000, 0.00000, 0.00000, 500.0, 0;
addobj:16368, 425.29257, 2555.65723, 25.91662,   0.00000, 0.00000, 0.00000, 500.0, 0;
addobj:864, 313.87811, 2436.38232, 15.40115,   356.87482, -0.04850, 3.14159, 500.0, 0;
addobj:748, 302.46185, 2443.56323, 15.45962,   0.00000, 0.00000, 0.00000, 500.0, 0;
addobj:748, 116.93730, 2549.55835, 15.52420,   0.00000, 0.00000, -105.00000, 500.0, 0;
addobj:758, 282.15839, 2573.35205, 15.47830,   0.00000, 0.00000, -55.00000, 500.0, 0;
addobj:748, 284.84531, 2578.59155, 15.46860,   0.00000, 0.00000, -91.00000, 500.0, 0;
addobj:748, -33.42591, 2358.64966, 23.12516,   0.00000, 0.00000, 0.00000, 500.0, 0;
addobj:758, 15.49672, 2343.96460, 21.09973,   0.00000, 0.00000, 0.00000, 500.0, 0;
addobj:16411, 106.85500, 2534.41870, 14.56130,   -1.00000, -2.00000, 0.00000, 500.0, 0;
addobj:16403, 132.50095, 2604.69214, 13.06019,   0.00000, 0.00000, 47.00000, 500.0, 0;
addobj:16403, 281.04480, 2444.67700, 13.06020,   0.00000, 0.00000, 4.00000, 500.0, 0;
addobj:16403, 355.94290, 2611.34888, 14.10220,   2.02500, 0.91900, -178.00000, 500.0, 0;
addobj:16403, 199.79250, 2479.40479, 13.38180,   0.00000, 0.50000, -178.00000, 500.0, 0;
addobj:864, 391.63715, 2465.03345, 30.56770,   356.87482, -0.04850, 3.14159, 500.0, 0;
addobj:864, 408.21719, 2442.95923, 28.22588,   357.00000, 0.00000, 27.00000, 500.0, 0;
addobj:864, 394.99460, 2463.37427, 30.46670,   357.00000, 0.00000, 21.00000, 500.0, 0;
addobj:16403, 241.23450, 2595.18896, 13.07027,   0.00000, 0.00000, -142.00000, 500.0, 0;
addobj:16411, 263.86050, 2634.93213, 20.63580,   1.00000, 3.00000, 149.00000, 500.0, 0;
addobj:3279, 157.05240, 2428.90918, 16.20510,   0.00000, 0.00000, 3.00000, 500.0, 0;
addobj:16403, -59.29376, 2498.19360, 13.58379,   1.50000, 1.00000, -156.00000, 500.0, 0;
addobj:16403, 1.55480, 2429.90869, 13.81326,   1.00000, 0.80000, 9.00000, 500.0, 0;
addobj:16112, 139.27446, 2412.37183, 11.21492,   0.00000, 0.00000, 0.00000, 500.0, 0;
addobj:16112, 155.48116, 2614.89819, 14.16750,   0.00000, 0.00000, -33.00000, 500.0, 0;
addobj:16403, 384.96591, 2513.95557, 13.52020,   0.50000, 0.60000, 4.00000, 500.0, 0;
addobj:864, 449.64456, 2491.91357, 18.94260,   357.00000, 0.00000, 21.00000, 500.0, 0;
addobj:758, 448.96799, 2498.71143, 18.50060,   0.00000, 0.00000, 164.00000, 500.0, 0;
addobj:16403, 350.61749, 2586.47583, 13.15920,   0.32000, 0.02000, 4.00000, 500.0, 0;
addobj:864, 422.71164, 2555.12427, 15.55265,   357.00000, 0.00000, 84.00000, 500.0, 0;
addobj:761, 250.93794, 2543.52100, 15.85857,   0.00000, 0.00000, 0.00000, 500.0, 0;
addobj:761, 165.05756, 2418.08032, 15.99209,   0.00000, 0.00000, 0.00000, 500.0, 0;
addobj:748, 167.02943, 2415.49097, 16.10061,   0.00000, 0.00000, 0.00000, 500.0, 0;
addobj:864, 302.72501, 2353.92822, 15.89910,   3.13510, -0.05600, 3.14160, 500.0, 0;
addobj:16403, 156.21422, 2372.36987, 13.35917,   0.00000, 1.00000, 4.00000, 500.0, 0;
addobj:16403, 336.07977, 2407.69629, 14.04939,   1.00000, 3.00000, -40.00000, 500.0, 0;
addobj:2060, 280.80396, 2530.89697, 15.80570,   0.00000, 0.00000, -84.00000, 500.0, 0;
addobj:2060, 280.90875, 2531.33862, 16.01230,   0.00000, 0.00000, -91.14000, 500.0, 0;
addobj:2060, 280.74191, 2531.96411, 15.80570,   0.00000, 0.00000, -91.00000, 500.0, 0;
addobj:2060, 281.72672, 2530.09766, 15.88570,   0.00000, 0.00000, -4.00000, 500.0, 0;
addobj:2060, 282.22180, 2530.03662, 16.09070,   0.00000, 0.00000, -4.00000, 500.0, 0;
addobj:2060, 282.82211, 2529.99976, 15.88570,   0.00000, 0.00000, -4.00000, 500.0, 0;
addobj:16101, 280.96909, 2529.98022, 9.32370,   0.00000, 0.00000, 0.00000, 500.0, 0;
addobj:16101, 287.59872, 2530.00244, 9.36271,   0.00000, 0.00000, 0.00000, 500.0, 0;
addobj:16101, 287.75464, 2538.48169, 9.36371,   0.00000, 0.00000, 0.00000, 500.0, 0;
addobj:16101, 281.02802, 2538.51392, 9.32370,   0.00000, 0.00000, 0.00000, 500.0, 0;
addobj:3066, 282.69537, 2535.27588, 15.80772,   0.00000, 0.00000, 0.00000, 500.0, 0;
addobj:2060, 280.76230, 2533.00781, 15.80570,   0.00000, 0.00000, -91.00000, 500.0, 0;
addobj:2060, 280.77060, 2534.06885, 15.80570,   0.00000, 0.00000, -91.00000, 500.0, 0;
addobj:2060, 280.91724, 2532.43970, 16.01230,   0.00000, 0.00000, -91.14000, 500.0, 0;
addobj:2060, 280.92148, 2532.97925, 16.21431,   0.00000, 0.00000, -91.14000, 500.0, 0;
addobj:2060, 280.86594, 2533.56055, 16.01230,   0.00000, 0.00000, -91.14000, 500.0, 0;
addobj:2060, 280.95258, 2531.83765, 16.21431,   0.00000, 0.00000, -91.14000, 500.0, 0;
addobj:2060, 284.01413, 2530.02710, 15.88570,   0.00000, 0.00000, 2.00000, 500.0, 0;
addobj:2060, 283.42993, 2530.02686, 16.09070,   0.00000, 0.00000, 4.00000, 500.0, 0;
addobj:3014, 284.81668, 2531.32275, 16.01730,   0.00000, 0.00000, 11.00000, 500.0, 0;
addobj:3014, 284.52100, 2532.05713, 16.01730,   0.00000, 0.00000, -11.00000, 500.0, 0;
addobj:2358, 285.33160, 2532.07813, 15.96670,   0.00000, 0.00000, 91.00000, 500.0, 0;
addobj:1224, 285.12280, 2537.21704, 16.45830,   3.00000, 0.00000, -11.00000, 500.0, 0;
addobj:1224, 285.41714, 2535.00073, 16.45830,   3.00000, 0.00000, -4.00000, 500.0, 0;
addobj:1224, 285.23904, 2538.88232, 16.45830,   3.00000, 0.00000, -11.12000, 500.0, 0;
addobj:13011, 1.28110, 2536.71338, 15.91800,   0.00000, 0.00000, 0.00000, 500.0, 0;
addobj:13011, 12.30270, 2535.27490, 19.81930,   0.00000, 0.00000, 90.00000, 500.0, 0;
addobj:13011, 18.21092, 2534.02808, 15.87850,   0.00000, 0.00000, 90.00000, 500.0, 0;
addobj:2068, 14.14250, 2538.89282, 24.98570,   0.00000, 0.00000, 90.00000, 500.0, 0;
addobj:16101, 18.04580, 2535.94043, 14.38343,   0.00000, 0.00000, 0.00000, 500.0, 0;
addobj:16101, 18.07760, 2541.75000, 14.39291,   0.00000, 0.00000, 0.00000, 500.0, 0;
addobj:16101, 10.26190, 2541.75342, 14.41159,   0.00000, 0.00000, 0.00000, 500.0, 0;
addobj:16101, 10.29640, 2535.97339, 14.40230,   0.00000, 0.00000, 0.00000, 500.0, 0;
addobj:3066, -23.80920, 2540.83374, 16.62830,   0.00000, 0.00000, -91.00000, 500.0, 0;
addobj:3066, -32.97440, 2339.82959, 24.10910,   0.00000, 0.00000, 91.00000, 500.0, 0;
addobj:3066, 327.55460, 2354.91455, 16.17290,   0.00000, 0.00000, 90.00000, 500.0, 0;
addobj:3066, 328.11270, 2357.88696, 15.99290,   0.00000, 0.00000, 90.00000, 500.0, 0;
addobj:3014, 321.77850, 2357.83008, 15.26160,   0.00000, 0.00000, 0.00000, 500.0, 0;
addobj:3014, 321.90671, 2358.79541, 15.22160,   0.00000, 0.00000, 76.00000, 500.0, 0;
addobj:3014, 321.48209, 2355.35962, 15.38160,   0.00000, 0.00000, -76.00000, 500.0, 0;
addobj:1224, 329.13281, 2360.35840, 15.38120,   0.00000, 0.00000, 0.00000, 500.0, 0;
addobj:1224, 327.08749, 2360.73706, 15.38120,   0.00000, 0.00000, 105.00000, 500.0, 0;
addobj:3066, 417.82080, 2530.89258, 16.59093,   0.00000, 0.00000, 91.00000, 500.0, 0;
addobj:16101, -29.80287, 2341.90747, 15.67710,   0.00000, 0.00000, 0.00000, 500.0, 0;
addobj:16101, -29.88673, 2335.17627, 15.67710,   0.00000, 0.00000, 0.00000, 500.0, 0;
addobj:16101, -38.02152, 2335.28662, 15.67710,   0.00000, 0.00000, 0.00000, 500.0, 0;
addobj:16101, -38.08386, 2341.85620, 15.67710,   0.00000, 0.00000, 0.00000, 500.0, 0;
addobj:1224, -35.92330, 2337.66040, 23.74190,   0.00000, 0.00000, -91.00000, 500.0, 0;
addobj:1224, -34.28580, 2337.40649, 23.74190,   0.00000, 0.00000, -4.00000, 500.0, 0;
addobj:1224, -30.97500, 2337.25488, 23.74190,   0.00000, 0.00000, -69.00000, 500.0, 0;
addobj:2358, -35.61280, 2336.37183, 23.23370,   0.00000, 0.00000, -11.00000, 500.0, 0;
addobj:758, -39.80729, 2337.31299, 23.13146,   0.00000, 0.00000, 0.00000, 500.0, 0;
addobj:16368, -15.50523, 2329.80127, 33.71796,   0.00000, 0.00000, 0.00000, 500.0, 0;
addobj:13011, 412.35989, 2540.78613, 15.69430,   0.00000, 0.00000, -90.00000, 500.0, 0;
addobj:13011, 423.27341, 2538.22949, 19.73310,   0.00000, 0.00000, 180.00000, 500.0, 0;
addobj:2068, -33.92760, 2338.54297, 26.15498,   0.00000, 0.00000, 90.00000, 500.0, 0;
addobj:2068, 284.31049, 2534.22925, 19.82086,   0.00000, 0.00000, 0.00000, 500.0, 0;
addobj:748, 217.12790, 2425.56006, 24.18940,   18.00000, -11.00000, 178.00000, 500.0, 0;
addobj:864, 264.17160, 2436.01758, 16.93210,   -18.00000, 18.00000, 3.00000, 500.0, 0;
addobj:864, 216.94221, 2421.34229, 24.64801,   0.00000, 0.00000, 3.00000, 500.0, 0;
addobj:864, 207.17270, 2426.29956, 24.02200,   0.00000, -15.00000, -62.00000, 500.0, 0;
addobj:864, 221.50420, 2451.87720, 19.32370,   -12.00000, 20.00000, 55.00000, 500.0, 0;
addobj:761, 159.98878, 2427.18066, 18.59023,   -4.00000, 25.00000, -33.00000, 500.0, 0;
addobj:761, 159.63390, 2430.68335, 18.69020,   -4.00000, 11.00000, -33.00000, 500.0, 0;
addobj:761, 156.53470, 2433.23999, 19.94540,   24.00000, -11.00000, 84.00000, 500.0, 0;
addobj:11420, 334.19705, 2588.71436, 17.10260,   0.00000, 0.00000, 25.00000, 500.0, 0;
addobj:16293, 335.31610, 2589.89893, 15.40580,   0.00000, 0.00000, -4.00000, 500.0, 0;
addobj:1224, 17.25220, 2540.60083, 23.57056,   0.00000, 0.00000, 0.00000, 500.0, 0;
addobj:1224, 17.26050, 2538.54443, 23.57060,   0.00000, 0.00000, 84.00000, 500.0, 0;
addobj:2358, 16.25331, 2539.41235, 23.41000,   0.00000, 0.00000, -91.00000, 500.0, 0;
addobj:2358, 16.19760, 2539.81689, 23.17000,   0.00000, 0.00000, -84.00000, 500.0, 0;
addobj:2358, 16.25617, 2538.96460, 23.17000,   0.00000, 0.00000, -98.00000, 500.0, 0;
# -----------------------------------------------------------------------------------------------------
# Create vehicles
# -----------------------------------------------------------------------------------------------------
# MODEL, Float:X, Float:Y, Float:Z, Float:AMGLE, COLOE1, COLOR2, INTERIORID, WORLDID, RESPAWN_TIME
addcar:464, 426.9475, 2546.4751, 15.5641, 90.0000, -1, -1, 0, 0, 100;
addcar:441, 334.6075, 2549.5095, 15.8922, 180.0000, -1, -1, 0, 0, 100;
addcar:441, 332.0481, 2549.4041, 15.8922, 180.0000, -1, -1, 0, 0, 100;
addcar:441, 326.9498, 2549.8713, 15.8912, 180.0000, -1, -1, 0, 0, 100;
addcar:564, 293.9199, 2549.8059, 15.8905, 180.0000, -1, -1, 0, 0, 100;
addcar:564, 291.1301, 2549.7510, 15.8895, 180.0000, -1, -1, 0, 0, 100;
addcar:564, 286.0299, 2549.1724, 15.8895, 180.0000, -1, -1, 0, 0, 100;
addcar:501, 419.2154, 2536.1331, 23.3266, 180.0000, -1, -1, 0, 0, 100;
addcar:564, 283.4117, 2549.3511, 15.8895, 4.0000, -1, -1, 0, 0, 100;
addcar:594, 260.7936, 2357.9751, 15.5742, 0.0000, -1, -1, 0, 0, 100;
addcar:564, 285.2148, 2369.4094, 15.5732, 0.0000, -1, -1, 0, 0, 100;
addcar:564, 288.0792, 2369.3230, 15.5732, 0.0000, -1, -1, 0, 0, 100;
addcar:564, 280.4800, 2369.1711, 15.5732, 0.0000, -1, -1, 0, 0, 100;
addcar:564, 277.8076, 2369.1260, 15.5732, 0.0000, -1, -1, 0, 0, 100;
addcar:441, 270.4477, 2368.8667, 15.5785, 0.0000, -1, -1, 0, 0, 100;
addcar:441, 273.3539, 2369.0247, 15.5785, 0.0000, -1, -1, 0, 0, 100;
addcar:464, 295.9674, 2357.8318, 16.2569, 0.0000, -1, -1, 0, 0, 100;
addcar:501, 9.2663, 2519.8506, 15.8158, 180.0000, -1, -1, 0, 0, 100;
addcar:501, 13.9274, 2520.0784, 15.8158, 180.0000, -1, -1, 0, 0, 100;
addcar:501, 24.1170, 2520.0552, 15.8158, 180.0000, -1, -1, 0, 0, 100;
addcar:564, -17.3788, 2531.4336, 15.5723, 0.0000, -1, -1, 0, 0, 100;
addcar:564, -43.0764, 2540.8318, 15.5723, 185.0000, -1, -1, 0, 0, 100;
addcar:564, -17.7396, 2523.5474, 15.5723, 185.0000, -1, -1, 0, 0, 100;
addcar:464, -29.0924, 2523.9241, 15.7777, 180.0000, -1, -1, 0, 0, 100;
addcar:464, -22.2320, 2523.5347, 15.7777, 180.0000, -1, -1, 0, 0, 100;
addcar:564, -20.2257, 2531.7124, 15.5723, -4.0000, -1, -1, 0, 0, 100;
addcar:441, -33.3133, 2540.8208, 15.7767, 180.0000, -1, -1, 0, 0, 100;
addcar:441, -35.4845, 2540.6201, 15.7767, 185.0000, -1, -1, 0, 0, 100;
addcar:441, -31.2351, 2540.3181, 15.7767, 171.0000, -1, -1, 0, 0, 100;
addcar:465, 7.5393, 2323.7830, 22.6933, 0.0000, -1, -1, 0, 0, 100;
addcar:501, 12.1799, 2323.2598, 22.4884, 0.0000, -1, -1, 0, 0, 100;
addcar:564, -35.3664, 2351.2932, 23.2277, -91.0000, -1, -1, 0, 0, 100;
addcar:564, -35.1904, 2354.0940, 23.2277, -91.0000, -1, -1, 0, 0, 100;
addcar:564, -35.5129, 2343.4209, 23.2277, -91.0000, -1, -1, 0, 0, 100;
addcar:564, -35.2182, 2346.3967, 23.2277, 91.0000, -1, -1, 0, 0, 100;
addcar:464, -28.8946, 2321.6982, 23.4306, 0.0000, -1, -1, 0, 0, 100;
addcar:441, -21.4170, 2326.2732, 23.2287, 0.0000, -1, -1, 0, 0, 100;
addcar:441, -18.4283, 2326.3047, 23.2287, 178.0000, -1, -1, 0, 0, 100;
addcar:441, -22.9324, 2326.1335, 23.2287, 4.0000, -1, -1, 0, 0, 100;
addcar:465, 414.7894, 2536.2400, 23.2814, 183.0000, -1, -1, 0, 0, 100;
addcar:464, -0.7528, 2524.7329, 15.7777, 180.0000, -1, -1, 0, 0, 100;
# -----------------------------------------------------------------------------------------------------
# Create pickups
# -----------------------------------------------------------------------------------------------------
# TYPE, MODEL, Float:AMOUNT, Float:X, Float:Y, Float:Z, Float:SPAWN_RANGE, RESPAWN_TIME, WORLDID, INTERIORID
addpickup:0,3096,150.0,383.1935,2604.8076,16.1844,0.0,20000,0,0;
addpickup:2,3013,20.0,285.1244,2533.1819,16.5191,0.0,30000,0,0;
addpickup:2,2358,10.0,408.0822,2527.9080,16.2665,0.0,15000,0,0;
addpickup:3,2918,12.0,333.7728,2588.4666,19.9000,0.0,180000,0,0;
addpickup:1,1218,2.0,237.6072,2560.4041,16.0672,0.0,20000,0,0;
addpickup:0,3096,100.0,320.8027,2353.8237,16.1467,0.0,15000,0,0;
addpickup:2,3013,20.0,320.9804,2356.6865,15.6231,0.0,30000,0,0;
addpickup:1,1218,2.0,167.4889,2510.3718,16.2407,0.0,20000,0,0;
addpickup:2,2358,10.0,-24.6358,2538.5842,16.2783,0.0,15000,0,0;
addpickup:2,2358,15.0,15.4157,2539.3066,23.9000,0.0,20000,0,0;
addpickup:0,3096,200.0,-10.8597,2535.8975,16.9000,0.0,25000,0,0;
addpickup:1,1218,5.0,121.7281,2459.8870,29.3438,0.0,20000,0,0;
addpickup:1,1218,5.0,200.7722,2397.8210,29.3239,0.0,20000,0,0;
addpickup:1,1218,3.0,377.4159,2469.5273,31.9000,0.0,20000,0,0;
addpickup:2,3013,25.0,-34.3126,2336.0193,23.9000,0.0,30000,0,0;
addpickup:7,364,25.0,157.1330,2428.9800,24.5833,0.0,180000,0,0;
# -----------------------------------------------------------------------------------------------------
# Spawn players
# -----------------------------------------------------------------------------------------------------
# TEAMID, Float:X, Float:Y, Float:Z, Float:ANGLE, INTERIORID, WORLDID
addspawn:0,297.0188,2547.8611,16.8215,175.6465, 0, 0;
addspawn:0,337.3075,2548.4106,16.8018,178.8033, 0, 0;
addspawn:0,426.6509,2540.1025,16.4048,359.2850, 0, 0;
addspawn:0,407.1340,2540.5015,16.5465,4.3221, 0, 0;
addspawn:1,282.5965,2358.3208,16.5092,2.4655, 0, 0;
addspawn:1,291.3417,2370.3499,16.4844,356.8254, 0, 0;
addspawn:1,325.1282,2360.6235,15.6850,9.3824, 0, 0;
addspawn:2,-37.6585,2541.1157,16.5861,177.7451, 0, 0;
addspawn:2,3.1940,2535.0466,16.5854,179.6017, 0, 0;
addspawn:2,-5.2749,2522.9771,16.4844,179.9150, 0, 0;
addspawn:3,-0.7667,2325.3005,24.1255,3.8674, 0, 0;
addspawn:3,-28.6074,2337.0764,24.1406,272.0598, 0, 0;
addspawn:3,-33.0597,2323.1567,24.1347,355.7674, 0, 0;
addspawn:-1,185.0092,2600.5085,16.5869,195.0474, 0, 0;
addspawn:-1,200.8870,2381.1550,16.4844,76.8774, 0, 0;
addspawn:-1,450.2514,2494.7466,19.6894,84.3842, 0, 0;